6.32910392429572E-09
6.32910392429572E-09
6.32910392429572E-09
6.32910392429572E-09
6.32910392429572E-09
6.32910392429572E-09
6.32910392429572E-09
6.32910392429572E-09
6.32910392429572E-09
6.32910392429572E-09
6.32910392429572E-09
6.32910392429572E-09
6.32910392429572E-09
6.32910392429572E-09
6.32910392429572E-09
6.32910392429572E-09
6.32910392429572E-09
6.32910392429572E-09
6.32910392429572E-09
6.32910392429572E-09
6.32910392429572E-09
6.32910392429572E-09
6.32910392429572E-09
6.32910392429572E-09
6.32910392429572E-09
6.32910392429572E-09
6.32910392429572E-09
6.32910392429572E-09
6.32910392429572E-09
6.32910392429572E-09
6.32910392429572E-09
6.32910392429572E-09
6.32910392429572E-09
6.32910392429572E-09
6.32910392429572E-09
6.32910392429572E-09
6.32910392429572E-09
6.32910392429572E-09
6.32910392429572E-09
6.32910392429572E-09
6.32910392429572E-09
6.32910392429572E-09
6.32910392429572E-09
6.32910392429572E-09
6.32910392429572E-09
6.32910392429572E-09
6.32910392429572E-09
6.32910392429572E-09
6.32910392429572E-09
6.32910392429572E-09
6.32910392429572E-09
0.0610880206
0.0585070544
0.057495884
0.0573358288
0.0576299565
0.0581588949
0.0588013875
0.0594921718
0.0601953942
0.0608933808
0.0615769502
0.062242201
0.0628879862
0.0635145636
0.0641224602
0.0647131339
0.0652876371
0.0658468732
0.0663918244
0.0669236601
0.0674429709
0.0679506234
0.0684470546
0.0689330891
0.0694091299
0.0698757893
0.0703331003
0.0707819251
0.0712223467
0.0716547306
0.0720792737
0.0724963601
0.0729062606
0.0733090227
0.0737049724
0.0740943644
0.0744774411
0.0748540633
0.0752248007
0.0755895019
0.0759483739
0.0763015898
0.0766493136
0.0769917203
0.0773288051
0.0776606088
0.0779876511
0.0783094769
0.0786265526
0.0789390191
0.0792467013
0.0795499531
0.0798486183
0.0801428737
0.080433026
0.08071868
0.0810004172
0.0812779169
0.0815516343
0.0818213389
0.0820869552
0.082348984
0.0826074586
0.082861948
0.0831130229
0.0833605847
0.0836044951
0.0838452048
0.0840822917
0.0843163445
0.0845468726
0.0847743989
0.0849985792
0.0852198756
0.0854378854
0.0856530144
0.0858652237
0.0860742397
0.0862805996
0.0864841895
0.0866848724
0.0868829063
0.0870781093
0.087270905
0.0874608605
0.0876481496
0.0878331352
0.0880155346
0.0881952553
0.0883728134
0.0885478719
0.0887204943
0.0888909362
0.0890590193
0.0892247582
0.0893883605
0.0895496014
0.0897088675
0.0898659045
0.0900208617

